
   3     1.009    1.246    1.253    1.485    -1   -1.0   -1   -1
   4     1.000    1.270    1.303    1.812    -1   -1.0   -1   -1
   5     1.158    1.577    1.581    1.897    -1   -1.0   -1   -1
   6     1.212    1.713    1.713    2.199    -1   -1.0   -1   -1
   7     1.051    1.805    1.804    2.127    -1   -1.0   -1   -1
   8     1.000    1.894    1.877    2.285    -1   -1.0   -1   -1
   9     1.347    1.978    1.976    2.484    -1   -1.0   -1   -1
  10     1.727    2.038    2.036    2.406    -1   -1.0   -1   -1
  11     1.794    2.113    2.111    2.475    -1   -1.0   -1   -1
  12     1.854    2.190    2.185    2.448    -1   -1.0   -1   -1
  13     1.967    2.237    2.233    2.467    -1   -1.0   -1   -1
  14     2.010    2.294    2.297    2.710    -1   -1.0   -1   -1
  15     2.065    2.326    2.326    2.671    -1   -1.0   -1   -1
  16     2.150    2.386    2.389    2.706    -1   -1.0   -1   -1
  17     2.033    2.427    2.431    2.764    -1   -1.0   -1   -1
  18     2.163    2.480    2.470    2.861    -1   -1.0   -1   -1
  19     1.541    2.501    2.493    2.797    -1   -1.0   -1   -1
  20     2.263    2.536    2.531    2.872    -1   -1.0   -1   -1
  21     2.331    2.587    2.580    2.989    -1   -1.0   -1   -1
   3     1.009    1.246    1.253    1.485    -1   -1.0   -1   -1
   4     1.000    1.270    1.303    1.812    -1   -1.0   -1   -1
   5     1.158    1.577    1.581    1.897    -1   -1.0   -1   -1
   6     1.212    1.713    1.713    2.199    -1   -1.0   -1   -1
   7     1.051    1.805    1.804    2.127    -1   -1.0   -1   -1
   8     1.000    1.894    1.877    2.285    -1   -1.0   -1   -1
   9     1.347    1.978    1.976    2.484    -1   -1.0   -1   -1
  10     1.727    2.038    2.036    2.406    -1   -1.0   -1   -1
  11     1.794    2.113    2.111    2.475    -1   -1.0   -1   -1
  12     1.854    2.190    2.185    2.448    -1   -1.0   -1   -1
  13     1.967    2.237    2.233    2.467    -1   -1.0   -1   -1
  14     2.010    2.294    2.297    2.710    -1   -1.0   -1   -1
  15     2.065    2.326    2.326    2.671    -1   -1.0   -1   -1
  16     2.150    2.386    2.389    2.706    -1   -1.0   -1   -1
  17     2.033    2.427    2.431    2.764    -1   -1.0   -1   -1
  18     2.163    2.480    2.470    2.861    -1   -1.0   -1   -1
  19     1.541    2.501    2.493    2.797    -1   -1.0   -1   -1
  20     2.263    2.536    2.531    2.872    -1   -1.0   -1   -1
  21     2.331    2.587    2.580    2.989    -1   -1.0   -1   -1
   3     1.009    1.246    1.253    1.485    -1   -1.0   -1   -1
   4     1.000    1.270    1.303    1.812    -1   -1.0   -1   -1
   5     1.158    1.577    1.581    1.897    -1   -1.0   -1   -1
   6     1.212    1.713    1.713    2.199    -1   -1.0   -1   -1
   7     1.051    1.805    1.804    2.127    -1   -1.0   -1   -1
   8     1.000    1.894    1.877    2.285    -1   -1.0   -1   -1
   9     1.347    1.978    1.976    2.484    -1   -1.0   -1   -1
  10     1.727    2.038    2.036    2.406    -1   -1.0   -1   -1
  11     1.794    2.113    2.111    2.475    -1   -1.0   -1   -1
  12     1.854    2.190    2.185    2.448    -1   -1.0   -1   -1
  13     1.967    2.237    2.233    2.467    -1   -1.0   -1   -1
  14     2.010    2.294    2.297    2.710    -1   -1.0   -1   -1
  15     2.065    2.326    2.326    2.671    -1   -1.0   -1   -1
  16     2.150    2.386    2.389    2.706    -1   -1.0   -1   -1
  17     2.033    2.427    2.431    2.764    -1   -1.0   -1   -1
  18     2.163    2.480    2.470    2.861    -1   -1.0   -1   -1
  19     1.541    2.501    2.493    2.797    -1   -1.0   -1   -1
  20     2.263    2.536    2.531    2.872    -1   -1.0   -1   -1
  21     2.331    2.587    2.580    2.989    -1   -1.0   -1   -1
  22     2.363    2.618    2.607    2.993    -1   -1.0   -1   -1
  23     2.412    2.650    2.646    2.899    -1   -1.0   -1   -1
  24     2.451    2.681    2.682    2.949    -1   -1.0   -1   -1
  25     2.467    2.700    2.696    3.083    -1   -1.0   -1   -1
  26     2.471    2.728    2.727    3.061    -1   -1.0   -1   -1
  27     2.582    2.763    2.765    3.044    -1   -1.0   -1   -1
  28     2.574    2.778    2.776    3.072    -1   -1.0   -1   -1
  29     2.506    2.803    2.810    3.049    -1   -1.0   -1   -1
  30     2.600    2.835    2.839    3.162    -1   -1.0   -1   -1
  31     2.588    2.857    2.853    3.129    -1   -1.0   -1   -1
  32     2.660    2.876    2.874    3.139    -1   -1.0   -1   -1
  33     2.661    2.897    2.899    3.186    -1   -1.0   -1   -1
  34     2.631    2.925    2.919    3.198    -1   -1.0   -1   -1
  35     2.691    2.945    2.947    3.251    -1   -1.0   -1   -1
  36     2.700    2.966    2.969    3.313    -1   -1.0   -1   -1
  37     2.698    2.981    2.984    3.324    -1   -1.0   -1   -1
  38     2.693    3.006    3.006    3.273    -1   -1.0   -1   -1
  39     2.733    3.032    3.034    3.342    -1   -1.0   -1   -1
  40     2.789    3.052    3.049    3.378    -1   -1.0   -1   -1
  41     2.815    3.059    3.065    3.356    -1   -1.0   -1   -1
  42     2.822    3.074    3.083    3.386    -1   -1.0   -1   -1
  43     2.838    3.095    3.099    3.281    -1   -1.0   -1   -1
  44     2.862    3.114    3.109    3.333    -1   -1.0   -1   -1
  45     2.837    3.121    3.115    3.345    -1   -1.0   -1   -1
  46     2.857    3.147    3.143    3.327    -1   -1.0   -1   -1
  47     2.883    3.155    3.160    3.378    -1   -1.0   -1   -1
  48     2.915    3.167    3.164    3.489    -1   -1.0   -1   -1
  49     2.961    3.179    3.175    3.568    -1   -1.0   -1   -1
  50     2.931    3.202    3.202    3.448    -1   -1.0   -1   -1
  51     3.002    3.209    3.210    3.514    -1   -1.0   -1   -1
  52     3.007    3.228    3.229    3.464    -1   -1.0   -1   -1
  53     3.049    3.236    3.239    3.506    -1   -1.0   -1   -1
  54     3.030    3.253    3.255    3.495    -1   -1.0   -1   -1
  55     3.060    3.263    3.261    3.620    -1   -1.0   -1   -1
  56     3.059    3.280    3.282    3.490    -1   -1.0   -1   -1
  57     2.999    3.290    3.288    3.576    -1   -1.0   -1   -1
  58     3.106    3.301    3.295    3.514    -1   -1.0   -1   -1
  59     3.125    3.317    3.306    3.514    -1   -1.0   -1   -1
  60     3.083    3.321    3.313    3.579    -1   -1.0   -1   -1
  61     3.094    3.338    3.338    3.643    -1   -1.0   -1   -1
  62     3.139    3.357    3.351    3.656    -1   -1.0   -1   -1
  63     3.067    3.361    3.356    3.668    -1   -1.0   -1   -1
  64     3.142    3.382    3.383    3.698    -1   -1.0   -1   -1
  65     3.178    3.383    3.374    3.672    -1   -1.0   -1   -1
  66     3.209    3.410    3.414    3.665    -1   -1.0   -1   -1
  67     3.157    3.410    3.412    3.687    -1   -1.0   -1   -1
  68     3.228    3.419    3.416    3.679    -1   -1.0   -1   -1
  69     3.236    3.437    3.440    3.730    -1   -1.0   -1   -1
  70     3.204    3.455    3.462    3.667    -1   -1.0   -1   -1
  71     3.250    3.456    3.457    3.740    -1   -1.0   -1   -1
  72     3.220    3.471    3.476    3.760    -1   -1.0   -1   -1
  73     3.225    3.476    3.474    3.755    -1   -1.0   -1   -1
  74     3.213    3.481    3.480    3.819    -1   -1.0   -1   -1
  75     3.228    3.486    3.479    3.733    -1   -1.0   -1   -1
  76     3.239    3.504    3.504    3.818    -1   -1.0   -1   -1
  77     3.236    3.513    3.510    3.820    -1   -1.0   -1   -1
  78     3.257    3.536    3.534    3.812    -1   -1.0   -1   -1
  79     3.267    3.541    3.539    3.794    -1   -1.0   -1   -1
  80     3.311    3.558    3.553    3.845    -1   -1.0   -1   -1
  81     3.286    3.552    3.550    3.769    -1   -1.0   -1   -1
  82     3.332    3.557    3.564    3.782    -1   -1.0   -1   -1
  83     3.335    3.584    3.587    3.927    -1   -1.0   -1   -1
  84     3.244    3.572    3.563    3.864    -1   -1.0   -1   -1
   3     1.009    1.246    1.253    1.485    -1   -1.0   -1   -1
   4     1.000    1.270    1.303    1.812    -1   -1.0   -1   -1
   5     1.158    1.577    1.581    1.897    -1   -1.0   -1   -1
   6     1.212    1.713    1.713    2.199    -1   -1.0   -1   -1
   7     1.051    1.805    1.804    2.127    -1   -1.0   -1   -1
   8     1.000    1.894    1.877    2.285    -1   -1.0   -1   -1
   9     1.347    1.978    1.976    2.484    -1   -1.0   -1   -1
  10     1.727    2.038    2.036    2.406    -1   -1.0   -1   -1
  11     1.794    2.113    2.111    2.475    -1   -1.0   -1   -1
  12     1.854    2.190    2.185    2.448    -1   -1.0   -1   -1
  13     1.967    2.237    2.233    2.467    -1   -1.0   -1   -1
  14     2.010    2.294    2.297    2.710    -1   -1.0   -1   -1
  15     2.065    2.326    2.326    2.671    -1   -1.0   -1   -1
  16     2.150    2.386    2.389    2.706    -1   -1.0   -1   -1
  17     2.033    2.427    2.431    2.764    -1   -1.0   -1   -1
  18     2.163    2.480    2.470    2.861    -1   -1.0   -1   -1
  19     1.541    2.501    2.493    2.797    -1   -1.0   -1   -1
  20     2.263    2.536    2.531    2.872    -1   -1.0   -1   -1
  21     2.331    2.587    2.580    2.989    -1   -1.0   -1   -1
  22     2.363    2.618    2.607    2.993    -1   -1.0   -1   -1
  23     2.412    2.650    2.646    2.899    -1   -1.0   -1   -1
  24     2.451    2.681    2.682    2.949    -1   -1.0   -1   -1
  25     2.467    2.700    2.696    3.083    -1   -1.0   -1   -1
  26     2.471    2.728    2.727    3.061    -1   -1.0   -1   -1
  27     2.582    2.763    2.765    3.044    -1   -1.0   -1   -1
  28     2.574    2.778    2.776    3.072    -1   -1.0   -1   -1
  29     2.506    2.803    2.810    3.049    -1   -1.0   -1   -1
  30     2.600    2.835    2.839    3.162    -1   -1.0   -1   -1
  31     2.588    2.857    2.853    3.129    -1   -1.0   -1   -1
  32     2.660    2.876    2.874    3.139    -1   -1.0   -1   -1
  33     2.661    2.897    2.899    3.186    -1   -1.0   -1   -1
  34     2.631    2.925    2.919    3.198    -1   -1.0   -1   -1
  35     2.691    2.945    2.947    3.251    -1   -1.0   -1   -1
  36     2.700    2.966    2.969    3.313    -1   -1.0   -1   -1
  37     2.698    2.981    2.984    3.324    -1   -1.0   -1   -1
  38     2.693    3.006    3.006    3.273    -1   -1.0   -1   -1
  39     2.733    3.032    3.034    3.342    -1   -1.0   -1   -1
  40     2.789    3.052    3.049    3.378    -1   -1.0   -1   -1
  41     2.815    3.059    3.065    3.356    -1   -1.0   -1   -1
  42     2.822    3.074    3.083    3.386    -1   -1.0   -1   -1
  43     2.838    3.095    3.099    3.281    -1   -1.0   -1   -1
  44     2.862    3.114    3.109    3.333    -1   -1.0   -1   -1
  45     2.837    3.121    3.115    3.345    -1   -1.0   -1   -1
  46     2.857    3.147    3.143    3.327    -1   -1.0   -1   -1
  47     2.883    3.155    3.160    3.378    -1   -1.0   -1   -1
  48     2.915    3.167    3.164    3.489    -1   -1.0   -1   -1
  49     2.961    3.179    3.175    3.568    -1   -1.0   -1   -1
  50     2.931    3.202    3.202    3.448    -1   -1.0   -1   -1
  51     3.002    3.209    3.210    3.514    -1   -1.0   -1   -1
  52     3.007    3.228    3.229    3.464    -1   -1.0   -1   -1
  53     3.049    3.236    3.239    3.506    -1   -1.0   -1   -1
  54     3.030    3.253    3.255    3.495    -1   -1.0   -1   -1
  55     3.060    3.263    3.261    3.620    -1   -1.0   -1   -1
  56     3.059    3.280    3.282    3.490    -1   -1.0   -1   -1
  57     2.999    3.290    3.288    3.576    -1   -1.0   -1   -1
  58     3.106    3.301    3.295    3.514    -1   -1.0   -1   -1
  59     3.125    3.317    3.306    3.514    -1   -1.0   -1   -1
  60     3.083    3.321    3.313    3.579    -1   -1.0   -1   -1
  61     3.094    3.338    3.338    3.643    -1   -1.0   -1   -1
  62     3.139    3.357    3.351    3.656    -1   -1.0   -1   -1
  63     3.067    3.361    3.356    3.668    -1   -1.0   -1   -1
  64     3.142    3.382    3.383    3.698    -1   -1.0   -1   -1
  65     3.178    3.383    3.374    3.672    -1   -1.0   -1   -1
  66     3.209    3.410    3.414    3.665    -1   -1.0   -1   -1
  67     3.157    3.410    3.412    3.687    -1   -1.0   -1   -1
  68     3.228    3.419    3.416    3.679    -1   -1.0   -1   -1
  69     3.236    3.437    3.440    3.730    -1   -1.0   -1   -1
  70     3.204    3.455    3.462    3.667    -1   -1.0   -1   -1
  71     3.250    3.456    3.457    3.740    -1   -1.0   -1   -1
  72     3.220    3.471    3.476    3.760    -1   -1.0   -1   -1
  73     3.225    3.476    3.474    3.755    -1   -1.0   -1   -1
  74     3.213    3.481    3.480    3.819    -1   -1.0   -1   -1
  75     3.228    3.486    3.479    3.733    -1   -1.0   -1   -1
  76     3.239    3.504    3.504    3.818    -1   -1.0   -1   -1
  77     3.236    3.513    3.510    3.820    -1   -1.0   -1   -1
  78     3.257    3.536    3.534    3.812    -1   -1.0   -1   -1
  79     3.267    3.541    3.539    3.794    -1   -1.0   -1   -1
  80     3.311    3.558    3.553    3.845    -1   -1.0   -1   -1
  81     3.286    3.552    3.550    3.769    -1   -1.0   -1   -1
  82     3.332    3.557    3.564    3.782    -1   -1.0   -1   -1
  83     3.335    3.584    3.587    3.927    -1   -1.0   -1   -1
  84     3.244    3.572    3.563    3.864    -1   -1.0   -1   -1
  85     3.349    3.581    3.575    3.861    -1   -1.0   -1   -1
  86     3.319    3.600    3.597    3.902    -1   -1.0   -1   -1
  87     3.302    3.594    3.599    3.821    -1   -1.0   -1   -1
  88     3.314    3.609    3.610    3.869    -1   -1.0   -1   -1
  89     3.368    3.615    3.618    3.892    -1   -1.0   -1   -1
  90     3.365    3.619    3.620    3.866    -1   -1.0   -1   -1
  91     3.378    3.628    3.632    3.886    -1   -1.0   -1   -1
  92     3.408    3.642    3.646    3.906    -1   -1.0   -1   -1
  93     3.445    3.649    3.641    3.889    -1   -1.0   -1   -1
  94     3.329    3.656    3.661    3.915    -1   -1.0   -1   -1
  95     3.433    3.667    3.680    3.842    -1   -1.0   -1   -1
  96     3.448    3.679    3.678    3.917    -1   -1.0   -1   -1
  97     3.477    3.677    3.671    3.856    -1   -1.0   -1   -1
  98     3.483    3.690    3.691    3.874    -1   -1.0   -1   -1
  99     3.493    3.688    3.682    3.875    -1   -1.0   -1   -1
 100     3.514    3.703    3.712    3.944    -1   -1.0   -1   -1
 101     3.468    3.708    3.707    4.129    -1   -1.0   -1   -1
 102     3.556    3.716    3.712    3.905    -1   -1.0   -1   -1
 103     3.579    3.717    3.715    3.936    -1   -1.0   -1   -1
 104     3.503    3.726    3.729    3.956    -1   -1.0   -1   -1
 105     3.560    3.736    3.741    3.995    -1   -1.0   -1   -1
 106     3.543    3.733    3.740    3.955    -1   -1.0   -1   -1
 107     3.542    3.752    3.747    3.952    -1   -1.0   -1   -1
 108     3.576    3.754    3.757    3.982    -1   -1.0   -1   -1
 109     3.527    3.757    3.758    4.039    -1   -1.0   -1   -1
 110     3.541    3.772    3.771    3.975    -1   -1.0   -1   -1
 111     3.570    3.776    3.780    4.035    -1   -1.0   -1   -1
 112     3.598    3.777    3.773    3.961    -1   -1.0   -1   -1
 113     3.591    3.785    3.794    4.011    -1   -1.0   -1   -1
 114     3.613    3.798    3.800    4.064    -1   -1.0   -1   -1
 115     3.593    3.797    3.801    4.066    -1   -1.0   -1   -1
 116     3.596    3.807    3.801    4.134    -1   -1.0   -1   -1
 117     3.614    3.817    3.817    3.991    -1   -1.0   -1   -1
 118     3.607    3.809    3.804    4.044    -1   -1.0   -1   -1
 119     3.608    3.816    3.818    4.023    -1   -1.0   -1   -1
 120     3.655    3.829    3.825    4.103    -1   -1.0   -1   -1
 121     3.623    3.832    3.828    4.070    -1   -1.0   -1   -1
 122     3.579    3.848    3.844    4.064    -1   -1.0   -1   -1
 123     3.654    3.847    3.845    4.154    -1   -1.0   -1   -1
 124     3.643    3.855    3.858    4.147    -1   -1.0   -1   -1
 125     3.668    3.856    3.850    4.080    -1   -1.0   -1   -1
 126     3.647    3.856    3.855    4.143    -1   -1.0   -1   -1
 127     3.623    3.869    3.856    4.119    -1   -1.0   -1   -1
 128     3.621    3.895    3.893    4.171    -1   -1.0   -1   -1
 129     3.646    3.875    3.868    4.136    -1   -1.0   -1   -1
 130     3.647    3.871    3.871    4.142    -1   -1.0   -1   -1
 131     3.692    3.888    3.880    4.149    -1   -1.0   -1   -1
 132     3.654    3.899    3.896    4.215    -1   -1.0   -1   -1
 133     3.714    3.903    3.905    4.125    -1   -1.0   -1   -1
 134     3.735    3.915    3.916    4.180    -1   -1.0   -1   -1
 135     3.672    3.919    3.920    4.179    -1   -1.0   -1   -1
 136     3.688    3.926    3.917    4.167    -1   -1.0   -1   -1
 137     3.675    3.919    3.919    4.266    -1   -1.0   -1   -1
 138     3.667    3.937    3.936    4.319    -1   -1.0   -1   -1
 139     3.743    3.939    3.931    4.208    -1   -1.0   -1   -1
 140     3.730    3.938    3.938    4.200    -1   -1.0   -1   -1
 141     3.690    3.950    3.946    4.204    -1   -1.0   -1   -1
 142     3.733    3.947    3.944    4.212    -1   -1.0   -1   -1
 143     3.688    3.967    3.967    4.206    -1   -1.0   -1   -1
 144     3.710    3.966    3.969    4.224    -1   -1.0   -1   -1
 145     3.751    3.959    3.965    4.242    -1   -1.0   -1   -1
 146     3.742    3.965    3.966    4.245    -1   -1.0   -1   -1
 147     3.765    3.984    3.987    4.382    -1   -1.0   -1   -1
 148     3.723    3.976    3.970    4.316    -1   -1.0   -1   -1
 149     3.792    3.995    3.999    4.357    -1   -1.0   -1   -1
 150     3.753    4.001    3.999    4.307    -1   -1.0   -1   -1
 151     3.736    4.000    3.999    4.276    -1   -1.0   -1   -1
 152     3.740    4.008    3.997    4.273    -1   -1.0   -1   -1
 153     3.769    4.018    4.025    4.228    -1   -1.0   -1   -1
 154     3.757    4.020    4.017    4.271    -1   -1.0   -1   -1
 155     3.767    4.034    4.041    4.364    -1   -1.0   -1   -1
 156     3.783    4.044    4.044    4.302    -1   -1.0   -1   -1
 157     3.832    4.040    4.039    4.287    -1   -1.0   -1   -1
 158     3.748    4.040    4.043    4.337    -1   -1.0   -1   -1
 159     3.674    4.051    4.052    4.312    -1   -1.0   -1   -1
 160     3.664    4.058    4.064    4.313    -1   -1.0   -1   -1
 161     3.736    4.056    4.058    4.282    -1   -1.0   -1   -1
 162     3.784    4.055    4.056    4.279    -1   -1.0   -1   -1
 163     3.829    4.057    4.047    4.320    -1   -1.0   -1   -1
 164     3.794    4.058    4.052    4.353    -1   -1.0   -1   -1
 165     3.857    4.062    4.059    4.374    -1   -1.0   -1   -1
 166     3.814    4.065    4.060    4.367    -1   -1.0   -1   -1
 167     3.814    4.072    4.071    4.358    -1   -1.0   -1   -1
 168     3.786    4.078    4.084    4.326    -1   -1.0   -1   -1
 169     3.879    4.086    4.089    4.401    -1   -1.0   -1   -1
 170     3.891    4.093    4.095    4.310    -1   -1.0   -1   -1
 171     3.850    4.091    4.089    4.297    -1   -1.0   -1   -1
 172     3.875    4.082    4.086    4.411    -1   -1.0   -1   -1
 173     3.830    4.091    4.092    4.424    -1   -1.0   -1   -1
 174     3.855    4.097    4.095    4.340    -1   -1.0   -1   -1
 175     3.866    4.106    4.106    4.331    -1   -1.0   -1   -1
 176     3.838    4.099    4.104    4.307    -1   -1.0   -1   -1
 177     3.845    4.110    4.109    4.399    -1   -1.0   -1   -1
 178     3.825    4.112    4.114    4.300    -1   -1.0   -1   -1
 179     3.866    4.112    4.116    4.353    -1   -1.0   -1   -1
 180     3.898    4.124    4.119    4.298    -1   -1.0   -1   -1
 181     3.891    4.123    4.117    4.391    -1   -1.0   -1   -1
 182     3.926    4.127    4.130    4.359    -1   -1.0   -1   -1
 183     3.886    4.140    4.142    4.351    -1   -1.0   -1   -1
 184     3.874    4.145    4.141    4.435    -1   -1.0   -1   -1
 185     3.804    4.140    4.137    4.436    -1   -1.0   -1   -1
 186     3.956    4.156    4.153    4.376    -1   -1.0   -1   -1
 187     3.905    4.156    4.159    4.365    -1   -1.0   -1   -1
 188     3.889    4.161    4.155    4.440    -1   -1.0   -1   -1
 189     3.944    4.161    4.160    4.366    -1   -1.0   -1   -1
 190     3.923    4.158    4.158    4.347    -1   -1.0   -1   -1
 191     3.914    4.161    4.160    4.391    -1   -1.0   -1   -1
 192     3.929    4.175    4.172    4.431    -1   -1.0   -1   -1
 193     3.980    4.173    4.171    4.412    -1   -1.0   -1   -1
 194     3.950    4.185    4.192    4.418    -1   -1.0   -1   -1
 195     4.002    4.176    4.175    4.393    -1   -1.0   -1   -1
 196     3.961    4.179    4.178    4.378    -1   -1.0   -1   -1
 197     3.969    4.194    4.189    4.416    -1   -1.0   -1   -1
 198     3.962    4.184    4.180    4.382    -1   -1.0   -1   -1
 199     3.991    4.196    4.200    4.454    -1   -1.0   -1   -1
 200     4.018    4.188    4.187    4.413    -1   -1.0   -1   -1
 201     4.016    4.210    4.208    4.434    -1   -1.0   -1   -1
 202     4.048    4.217    4.214    4.445    -1   -1.0   -1   -1
 203     3.972    4.212    4.212    4.476    -1   -1.0   -1   -1
 204     3.999    4.221    4.227    4.441    -1   -1.0   -1   -1
 205     3.971    4.213    4.208    4.470    -1   -1.0   -1   -1
 206     3.987    4.222    4.215    4.430    -1   -1.0   -1   -1
 207     3.940    4.216    4.213    4.497    -1   -1.0   -1   -1
 208     4.063    4.223    4.228    4.484    -1   -1.0   -1   -1
 209     4.023    4.228    4.234    4.419    -1   -1.0   -1   -1
 210     4.032    4.228    4.232    4.551    -1   -1.0   -1   -1
 211     3.998    4.238    4.236    4.461    -1   -1.0   -1   -1
 212     3.982    4.253    4.253    4.469    -1   -1.0   -1   -1
 213     4.028    4.243    4.242    4.525    -1   -1.0   -1   -1
 214     4.068    4.248    4.250    4.487    -1   -1.0   -1   -1
 215     3.972    4.237    4.237    4.451    -1   -1.0   -1   -1
 216     4.038    4.245    4.243    4.434    -1   -1.0   -1   -1
 217     4.008    4.250    4.254    4.511    -1   -1.0   -1   -1
 218     4.089    4.261    4.260    4.475    -1   -1.0   -1   -1
 219     4.073    4.261    4.258    4.534    -1   -1.0   -1   -1
 220     4.049    4.253    4.251    4.484    -1   -1.0   -1   -1
 221     4.031    4.259    4.259    4.507    -1   -1.0   -1   -1
 222     4.070    4.282    4.276    4.482    -1   -1.0   -1   -1
 223     4.111    4.270    4.274    4.516    -1   -1.0   -1   -1
 224     4.104    4.274    4.272    4.521    -1   -1.0   -1   -1
 225     4.084    4.267    4.259    4.530    -1   -1.0   -1   -1
 226     4.076    4.281    4.281    4.542    -1   -1.0   -1   -1
 227     4.072    4.283    4.282    4.525    -1   -1.0   -1   -1
 228     4.075    4.301    4.296    4.507    -1   -1.0   -1   -1
 229     4.096    4.293    4.298    4.500    -1   -1.0   -1   -1
 230     4.038    4.293    4.289    4.491    -1   -1.0   -1   -1
 231     4.017    4.302    4.296    4.513    -1   -1.0   -1   -1
 232     4.059    4.303    4.301    4.599    -1   -1.0   -1   -1
 233     4.038    4.297    4.294    4.510    -1   -1.0   -1   -1
 234     4.129    4.304    4.301    4.581    -1   -1.0   -1   -1
 235     4.092    4.312    4.311    4.512    -1   -1.0   -1   -1
 236     4.056    4.303    4.310    4.517    -1   -1.0   -1   -1
 237     4.077    4.304    4.301    4.567    -1   -1.0   -1   -1
 238     4.098    4.315    4.321    4.580    -1   -1.0   -1   -1
 239     4.016    4.318    4.313    4.614    -1   -1.0   -1   -1
 240     4.065    4.319    4.309    4.510    -1   -1.0   -1   -1
 241     4.105    4.332    4.333    4.570    -1   -1.0   -1   -1
 242     4.055    4.331    4.331    4.521    -1   -1.0   -1   -1
 243     4.070    4.330    4.320    4.602    -1   -1.0   -1   -1
 244     4.069    4.336    4.333    4.542    -1   -1.0   -1   -1
 245     4.107    4.343    4.344    4.640    -1   -1.0   -1   -1
 246     4.105    4.344    4.345    4.594    -1   -1.0   -1   -1
 247     4.117    4.329    4.329    4.595    -1   -1.0   -1   -1
 248     4.128    4.343    4.345    4.661    -1   -1.0   -1   -1
 249     4.102    4.351    4.349    4.577    -1   -1.0   -1   -1
 250     4.142    4.361    4.369    4.709    -1   -1.0   -1   -1
 251     4.132    4.354    4.352    4.622    -1   -1.0   -1   -1
 252     4.098    4.349    4.348    4.554    -1   -1.0   -1   -1
 253     4.134    4.365    4.369    4.668    -1   -1.0   -1   -1
 254     4.176    4.368    4.364    4.627    -1   -1.0   -1   -1
 255     4.155    4.363    4.364    4.581    -1   -1.0   -1   -1
 256     4.160    4.382    4.377    4.606    -1   -1.0   -1   -1
 257     4.098    4.382    4.386    4.664    -1   -1.0   -1   -1
 258     4.088    4.373    4.370    4.673    -1   -1.0   -1   -1
 259     4.136    4.385    4.386    4.734    -1   -1.0   -1   -1
 260     4.067    4.391    4.391    4.643    -1   -1.0   -1   -1
 261     4.153    4.395    4.394    4.647    -1   -1.0   -1   -1
 262     4.150    4.390    4.378    4.683    -1   -1.0   -1   -1
 263     4.134    4.401    4.392    4.675    -1   -1.0   -1   -1
 264     4.221    4.397    4.389    4.725    -1   -1.0   -1   -1
 265     4.141    4.403    4.402    4.677    -1   -1.0   -1   -1
 266     4.183    4.394    4.387    4.660    -1   -1.0   -1   -1
 267     4.156    4.404    4.401    4.653    -1   -1.0   -1   -1
 268     4.155    4.405    4.404    4.663    -1   -1.0   -1   -1
 269     4.153    4.414    4.416    4.637    -1   -1.0   -1   -1
 270     4.142    4.403    4.404    4.694    -1   -1.0   -1   -1
 271     4.138    4.428    4.430    4.634    -1   -1.0   -1   -1
 272     4.236    4.425    4.425    4.621    -1   -1.0   -1   -1
 273     4.151    4.427    4.429    4.719    -1   -1.0   -1   -1
 274     4.197    4.412    4.411    4.668    -1   -1.0   -1   -1
 275     4.142    4.418    4.418    4.663    -1   -1.0   -1   -1
 276     4.178    4.426    4.428    4.657    -1   -1.0   -1   -1
 277     4.191    4.426    4.428    4.698    -1   -1.0   -1   -1
 278     4.206    4.438    4.441    4.681    -1   -1.0   -1   -1
 279     4.201    4.448    4.445    4.753    -1   -1.0   -1   -1
 280     4.223    4.433    4.430    4.651    -1   -1.0   -1   -1
 281     4.208    4.457    4.461    4.729    -1   -1.0   -1   -1
 282     4.180    4.433    4.435    4.684    -1   -1.0   -1   -1
 283     4.173    4.449    4.449    4.787    -1   -1.0   -1   -1
 284     4.203    4.450    4.452    4.694    -1   -1.0   -1   -1
 285     4.225    4.452    4.462    4.743    -1   -1.0   -1   -1
 286     4.225    4.452    4.456    4.657    -1   -1.0   -1   -1
 287     4.257    4.468    4.467    4.702    -1   -1.0   -1   -1
 288     4.170    4.463    4.456    4.762    -1   -1.0   -1   -1
 289     4.179    4.463    4.463    4.732    -1   -1.0   -1   -1
 290     4.224    4.455    4.461    4.755    -1   -1.0   -1   -1
 291     4.136    4.466    4.468    4.772    -1   -1.0   -1   -1
 292     4.200    4.460    4.460    4.765    -1   -1.0   -1   -1
 293     4.167    4.466    4.469    4.790    -1   -1.0   -1   -1
 294     4.169    4.472    4.473    4.767    -1   -1.0   -1   -1
 295     4.197    4.474    4.479    4.707    -1   -1.0   -1   -1
 296     4.165    4.474    4.470    4.757    -1   -1.0   -1   -1
 297     4.225    4.486    4.488    4.805    -1   -1.0   -1   -1
 298     4.202    4.485    4.489    4.759    -1   -1.0   -1   -1
 299     4.226    4.487    4.484    4.765    -1   -1.0   -1   -1
 300     4.197    4.489    4.489    4.745    -1   -1.0   -1   -1
 301     4.196    4.479    4.478    4.809    -1   -1.0   -1   -1
 302     4.231    4.494    4.486    4.761    -1   -1.0   -1   -1
 303     4.212    4.507    4.504    4.709    -1   -1.0   -1   -1
 304     4.250    4.505    4.497    4.757    -1   -1.0   -1   -1
 305     4.258    4.498    4.494    4.749    -1   -1.0   -1   -1
 306     4.273    4.513    4.521    4.773    -1   -1.0   -1   -1
 307     4.252    4.508    4.507    4.814    -1   -1.0   -1   -1
 308     4.209    4.511    4.521    4.809    -1   -1.0   -1   -1
 309     4.197    4.506    4.502    4.737    -1   -1.0   -1   -1
 310     4.169    4.513    4.519    4.801    -1   -1.0   -1   -1
 311     4.247    4.509    4.511    4.777    -1   -1.0   -1   -1
 312     4.208    4.520    4.514    4.849    -1   -1.0   -1   -1
 313     4.309    4.516    4.512    4.757    -1   -1.0   -1   -1
 314     4.136    4.511    4.511    4.832    -1   -1.0   -1   -1
 315     4.196    4.521    4.523    4.803    -1   -1.0   -1   -1
 316     4.198    4.520    4.516    4.801    -1   -1.0   -1   -1
 317     4.285    4.533    4.534    4.779    -1   -1.0   -1   -1
 318     4.264    4.534    4.537    4.828    -1   -1.0   -1   -1
 319     4.239    4.535    4.532    4.850    -1   -1.0   -1   -1
 320     4.235    4.534    4.533    4.794    -1   -1.0   -1   -1
 321     4.259    4.550    4.545    4.793    -1   -1.0   -1   -1
 322     4.295    4.543    4.547    4.800    -1   -1.0   -1   -1
 323     4.242    4.539    4.536    4.846    -1   -1.0   -1   -1
 324     4.317    4.539    4.544    4.852    -1   -1.0   -1   -1
 325     4.220    4.543    4.551    4.870    -1   -1.0   -1   -1
 326     4.301    4.552    4.560    4.817    -1   -1.0   -1   -1
 327     4.256    4.555    4.563    4.856    -1   -1.0   -1   -1
 328     4.322    4.564    4.566    4.877    -1   -1.0   -1   -1
 329     4.328    4.550    4.550    4.796    -1   -1.0   -1   -1
 330     4.265    4.569    4.568    4.831    -1   -1.0   -1   -1
 331     4.287    4.568    4.572    4.837    -1   -1.0   -1   -1
 332     4.336    4.572    4.570    4.865    -1   -1.0   -1   -1
 333     4.275    4.579    4.583    4.822    -1   -1.0   -1   -1
 334     4.324    4.579    4.584    4.786    -1   -1.0   -1   -1
 335     4.349    4.568    4.572    4.912    -1   -1.0   -1   -1
 336     4.292    4.568    4.574    4.798    -1   -1.0   -1   -1
 337     4.334    4.587    4.592    4.875    -1   -1.0   -1   -1
 338     4.297    4.591    4.594    4.834    -1   -1.0   -1   -1
 339     4.266    4.585    4.586    4.849    -1   -1.0   -1   -1
 340     4.353    4.591    4.585    4.908    -1   -1.0   -1   -1
 341     4.328    4.589    4.590    4.852    -1   -1.0   -1   -1
 342     4.319    4.596    4.602    4.826    -1   -1.0   -1   -1
 343     4.213    4.583    4.582    4.919    -1   -1.0   -1   -1
 344     4.277    4.591    4.583    4.856    -1   -1.0   -1   -1
 345     4.304    4.588    4.585    4.897    -1   -1.0   -1   -1
 346     4.388    4.596    4.593    4.875    -1   -1.0   -1   -1
 347     4.324    4.590    4.592    4.876    -1   -1.0   -1   -1
 348     4.296    4.597    4.594    4.843    -1   -1.0   -1   -1
 349     4.285    4.591    4.594    4.944    -1   -1.0   -1   -1
 350     4.299    4.601    4.606    4.837    -1   -1.0   -1   -1
 351     4.363    4.596    4.593    4.811    -1   -1.0   -1   -1
 352     4.346    4.612    4.618    4.921    -1   -1.0   -1   -1
 353     4.352    4.618    4.618    4.907    -1   -1.0   -1   -1
 354     4.384    4.618    4.609    4.893    -1   -1.0   -1   -1
 355     4.364    4.609    4.607    4.923    -1   -1.0   -1   -1
 356     4.396    4.619    4.625    4.967    -1   -1.0   -1   -1
 357     4.318    4.613    4.622    4.899    -1   -1.0   -1   -1
 358     4.324    4.614    4.617    4.906    -1   -1.0   -1   -1
 359     4.276    4.614    4.614    4.846    -1   -1.0   -1   -1
 360     4.243    4.620    4.620    4.901    -1   -1.0   -1   -1
 361     4.332    4.625    4.627    4.932    -1   -1.0   -1   -1
 362     4.438    4.629    4.629    4.929    -1   -1.0   -1   -1
 363     4.340    4.628    4.630    4.875    -1   -1.0   -1   -1
 364     4.345    4.635    4.641    4.886    -1   -1.0   -1   -1
 365     4.428    4.635    4.632    4.892    -1   -1.0   -1   -1
 366     4.403    4.638    4.642    4.906    -1   -1.0   -1   -1
 367     4.314    4.647    4.651    4.900    -1   -1.0   -1   -1
 368     4.332    4.644    4.640    4.990    -1   -1.0   -1   -1
 369     4.354    4.635    4.633    4.933    -1   -1.0   -1   -1
 370     4.319    4.646    4.655    4.890    -1   -1.0   -1   -1
 371     4.396    4.643    4.648    4.913    -1   -1.0   -1   -1
 372     4.372    4.647    4.644    4.872    -1   -1.0   -1   -1
 373     4.438    4.652    4.655    4.900    -1   -1.0   -1   -1
 374     4.378    4.656    4.662    4.904    -1   -1.0   -1   -1
 375     4.336    4.649    4.652    4.897    -1   -1.0   -1   -1
 376     4.429    4.647    4.649    4.851    -1   -1.0   -1   -1
 377     4.393    4.652    4.648    4.845    -1   -1.0   -1   -1
 378     4.379    4.654    4.659    4.863    -1   -1.0   -1   -1
 379     4.407    4.656    4.656    5.003    -1   -1.0   -1   -1
 380     4.454    4.663    4.662    4.906    -1   -1.0   -1   -1
 381     4.252    4.665    4.665    4.881    -1   -1.0   -1   -1
 382     4.426    4.674    4.678    4.936    -1   -1.0   -1   -1
 383     4.398    4.670    4.674    5.001    -1   -1.0   -1   -1
 384     4.464    4.651    4.647    4.880    -1   -1.0   -1   -1
 385     4.389    4.672    4.672    4.906    -1   -1.0   -1   -1
 386     4.405    4.676    4.683    4.879    -1   -1.0   -1   -1
 387     4.435    4.681    4.679    4.967    -1   -1.0   -1   -1
 388     4.387    4.670    4.674    4.986    -1   -1.0   -1   -1
 389     4.414    4.681    4.677    4.919    -1   -1.0   -1   -1
 390     4.471    4.674    4.669    4.901    -1   -1.0   -1   -1
 391     4.425    4.679    4.669    4.970    -1   -1.0   -1   -1
 392     4.485    4.688    4.690    4.931    -1   -1.0   -1   -1
 393     4.376    4.681    4.682    4.983    -1   -1.0   -1   -1
 394     4.485    4.686    4.685    4.946    -1   -1.0   -1   -1
 395     4.469    4.684    4.685    4.902    -1   -1.0   -1   -1
 396     4.422    4.698    4.707    4.979    -1   -1.0   -1   -1
 397     4.462    4.691    4.693    4.912    -1   -1.0   -1   -1
 398     4.465    4.690    4.687    4.915    -1   -1.0   -1   -1
 399     4.460    4.691    4.690    4.969    -1   -1.0   -1   -1
 400     4.449    4.700    4.704    4.930    -1   -1.0   -1   -1
 401     4.376    4.702    4.699    5.024    -1   -1.0   -1   -1
 402     4.483    4.711    4.714    4.965    -1   -1.0   -1   -1
 403     4.467    4.711    4.709    4.931    -1   -1.0   -1   -1
 404     4.456    4.702    4.708    4.986    -1   -1.0   -1   -1
 405     4.458    4.706    4.716    4.929    -1   -1.0   -1   -1
 406     4.451    4.706    4.702    4.917    -1   -1.0   -1   -1
 407     4.478    4.700    4.703    5.012    -1   -1.0   -1   -1
 408     4.421    4.714    4.718    4.952    -1   -1.0   -1   -1
 409     4.416    4.722    4.730    4.919    -1   -1.0   -1   -1
 410     4.460    4.711    4.710    4.932    -1   -1.0   -1   -1
 411     4.411    4.720    4.723    4.957    -1   -1.0   -1   -1
 412     4.484    4.719    4.720    5.012    -1   -1.0   -1   -1
 413     4.474    4.726    4.718    4.991    -1   -1.0   -1   -1
 414     4.480    4.710    4.712    5.003    -1   -1.0   -1   -1
 415     4.516    4.735    4.731    4.961    -1   -1.0   -1   -1
 416     4.472    4.733    4.736    4.968    -1   -1.0   -1   -1
 417     4.502    4.721    4.726    4.969    -1   -1.0   -1   -1
 418     4.498    4.741    4.737    5.061    -1   -1.0   -1   -1
 419     4.446    4.733    4.738    5.016    -1   -1.0   -1   -1
 420     4.464    4.732    4.737    4.985    -1   -1.0   -1   -1
 421     4.484    4.735    4.742    4.987    -1   -1.0   -1   -1
 422     4.533    4.721    4.723    4.973    -1   -1.0   -1   -1
 423     4.503    4.739    4.738    5.020    -1   -1.0   -1   -1
 424     4.452    4.751    4.749    4.961    -1   -1.0   -1   -1
 425     4.461    4.737    4.739    5.005    -1   -1.0   -1   -1
 426     4.510    4.746    4.748    4.973    -1   -1.0   -1   -1
 427     4.493    4.732    4.738    5.027    -1   -1.0   -1   -1
 428     4.440    4.745    4.753    4.977    -1   -1.0   -1   -1
 429     4.531    4.750    4.747    4.965    -1   -1.0   -1   -1
 430     4.457    4.750    4.753    4.993    -1   -1.0   -1   -1
 431     4.479    4.736    4.731    4.969    -1   -1.0   -1   -1
 432     4.484    4.751    4.752    4.942    -1   -1.0   -1   -1
 433     4.532    4.746    4.748    5.043    -1   -1.0   -1   -1
 434     4.492    4.749    4.751    5.048    -1   -1.0   -1   -1
 435     4.509    4.755    4.752    5.053    -1   -1.0   -1   -1
 436     4.473    4.756    4.762    4.971    -1   -1.0   -1   -1
 437     4.452    4.755    4.750    4.988    -1   -1.0   -1   -1
 438     4.561    4.759    4.757    5.032    -1   -1.0   -1   -1
 439     4.463    4.760    4.751    5.018    -1   -1.0   -1   -1
 440     4.512    4.784    4.780    5.048    -1   -1.0   -1   -1
 441     4.523    4.758    4.761    4.947    -1   -1.0   -1   -1
 442     4.503    4.763    4.767    5.002    -1   -1.0   -1   -1
 443     4.488    4.761    4.761    5.041    -1   -1.0   -1   -1
 444     4.532    4.777    4.779    5.029    -1   -1.0   -1   -1
 445     4.475    4.769    4.768    5.004    -1   -1.0   -1   -1
 446     4.523    4.760    4.768    5.012    -1   -1.0   -1   -1
 447     4.540    4.767    4.762    5.002    -1   -1.0   -1   -1
 448     4.522    4.772    4.767    5.033    -1   -1.0   -1   -1
 449     4.560    4.773    4.774    5.033    -1   -1.0   -1   -1
 450     4.502    4.769    4.764    5.003    -1   -1.0   -1   -1
 451     4.562    4.770    4.776    5.022    -1   -1.0   -1   -1
 452     4.517    4.784    4.788    4.994    -1   -1.0   -1   -1
 453     4.478    4.775    4.773    5.011    -1   -1.0   -1   -1
 454     4.589    4.787    4.787    5.127    -1   -1.0   -1   -1
 455     4.563    4.779    4.779    5.040    -1   -1.0   -1   -1
 456     4.527    4.789    4.796    5.123    -1   -1.0   -1   -1
 457     4.542    4.780    4.779    5.034    -1   -1.0   -1   -1
 458     4.525    4.791    4.789    5.073    -1   -1.0   -1   -1
 459     4.512    4.780    4.789    4.994    -1   -1.0   -1   -1
 460     4.542    4.790    4.794    5.030    -1   -1.0   -1   -1
 461     4.573    4.802    4.803    5.004    -1   -1.0   -1   -1
 462     4.576    4.793    4.786    5.040    -1   -1.0   -1   -1
 463     4.561    4.803    4.804    5.068    -1   -1.0   -1   -1
 464     4.545    4.799    4.795    5.077    -1   -1.0   -1   -1
 465     4.564    4.809    4.805    5.082    -1   -1.0   -1   -1
 466     4.537    4.801    4.800    5.092    -1   -1.0   -1   -1
 467     4.583    4.802    4.796    5.002    -1   -1.0   -1   -1
 468     4.489    4.800    4.797    5.056    -1   -1.0   -1   -1
 469     4.607    4.805    4.813    5.125    -1   -1.0   -1   -1
 470     4.580    4.801    4.800    5.025    -1   -1.0   -1   -1
 471     4.518    4.809    4.809    5.041    -1   -1.0   -1   -1
 472     4.519    4.815    4.814    5.069    -1   -1.0   -1   -1
 473     4.581    4.805    4.808    5.039    -1   -1.0   -1   -1
 474     4.495    4.815    4.813    5.138    -1   -1.0   -1   -1
 475     4.482    4.811    4.809    5.063    -1   -1.0   -1   -1
 476     4.551    4.819    4.822    5.106    -1   -1.0   -1   -1
 477     4.555    4.815    4.809    5.051    -1   -1.0   -1   -1
 478     4.599    4.826    4.823    5.138    -1   -1.0   -1   -1
 479     4.595    4.820    4.822    5.162    -1   -1.0   -1   -1
 480     4.581    4.830    4.832    5.094    -1   -1.0   -1   -1
 481     4.571    4.820    4.817    5.191    -1   -1.0   -1   -1
 482     4.605    4.828    4.828    5.099    -1   -1.0   -1   -1
 483     4.600    4.828    4.819    5.109    -1   -1.0   -1   -1
 484     4.547    4.831    4.824    5.078    -1   -1.0   -1   -1
 485     4.497    4.827    4.825    5.118    -1   -1.0   -1   -1
 486     4.580    4.817    4.807    5.201    -1   -1.0   -1   -1
 487     4.604    4.824    4.822    5.130    -1   -1.0   -1   -1
 488     4.579    4.833    4.834    5.071    -1   -1.0   -1   -1
 489     4.606    4.842    4.845    5.055    -1   -1.0   -1   -1
 490     4.548    4.824    4.833    5.092    -1   -1.0   -1   -1
 491     4.614    4.829    4.821    5.091    -1   -1.0   -1   -1
 492     4.522    4.844    4.847    5.115    -1   -1.0   -1   -1
 493     4.546    4.856    4.856    5.162    -1   -1.0   -1   -1
 494     4.532    4.843    4.842    5.128    -1   -1.0   -1   -1
 495     4.590    4.843    4.844    5.107    -1   -1.0   -1   -1
 496     4.564    4.855    4.852    5.126    -1   -1.0   -1   -1
 497     4.536    4.861    4.870    5.087    -1   -1.0   -1   -1
 498     4.617    4.852    4.853    5.156    -1   -1.0   -1   -1
 499     4.568    4.858    4.856    5.123    -1   -1.0   -1   -1